100 4285
0 1 1
0 2 4
0 3 6
0 4 8
0 5 10
0 6 6
0 7 7
0 8 8
0 9 5
0 10 8
0 11 1
0 12 8
0 13 9
0 15 1
0 16 4
0 17 1
0 18 10
0 19 2
0 21 3
0 22 9
0 23 1
0 24 2
0 25 9
0 26 9
0 27 9
0 28 6
0 29 10
0 32 1
0 34 9
0 36 5
0 37 7
0 38 7
0 39 9
0 40 10
0 41 8
0 42 5
0 43 4
0 44 3
0 45 5
0 46 3
0 47 3
0 49 2
0 50 10
0 51 4
0 52 7
0 53 8
0 56 6
0 58 1
0 59 2
0 61 5
0 62 4
0 63 3
0 64 6
0 65 3
0 66 9
0 67 4
0 68 9
0 69 10
0 70 10
0 71 6
0 72 9
0 74 6
0 76 6
0 77 6
0 78 8
0 79 2
0 81 9
0 82 5
0 83 8
0 84 3
0 85 3
0 86 7
0 87 1
0 88 3
0 89 9
0 90 7
0 91 1
0 92 4
0 93 10
0 95 10
0 96 9
0 98 1
0 99 4
1 3 2
1 4 6
1 5 3
1 7 4
1 9 10
1 10 1
1 11 4
1 12 10
1 13 6
1 14 7
1 15 1
1 16 5
1 17 10
1 18 1
1 21 1
1 22 4
1 23 10
1 24 7
1 26 2
1 27 10
1 28 2
1 29 7
1 30 10
1 31 5
1 32 6
1 34 6
1 35 3
1 36 6
1 38 5
1 40 4
1 41 1
1 42 9
1 44 10
1 48 6
1 49 1
1 50 7
1 51 9
1 52 7
1 53 6
1 54 5
1 55 2
1 56 1
1 57 7
1 58 6
1 59 5
1 60 8
1 61 5
1 62 4
1 63 1
1 65 5
1 67 10
1 68 3
1 69 9
1 70 5
1 71 2
1 72 7
1 73 6
1 74 7
1 76 7
1 77 2
1 79 6
1 80 1
1 81 8
1 82 6
1 83 6
1 84 2
1 85 4
1 86 5
1 88 2
1 89 1
1 92 6
1 94 1
1 95 7
1 96 5
1 97 10
1 98 8
1 99 1
2 3 10
2 4 9
2 6 5
2 7 10
2 8 4
2 9 2
2 10 1
2 11 8
2 12 4
2 13 10
2 14 7
2 15 7
2 16 2
2 17 8
2 18 6
2 19 1
2 20 5
2 22 10
2 23 1
2 24 10
2 26 10
2 27 6
2 29 5
2 30 7
2 31 2
2 32 4
2 34 7
2 35 10
2 37 8
2 38 1
2 40 2
2 41 3
2 42 3
2 43 10
2 44 8
2 45 7
2 47 4
2 48 8
2 49 8
2 50 8
2 51 5
2 52 6
2 53 2
2 54 7
2 55 6
2 56 6
2 57 1
2 58 3
2 59 5
2 60 2
2 61 6
2 62 10
2 64 7
2 65 4
2 66 10
2 68 3
2 69 2
2 70 8
2 71 9
2 72 3
2 73 4
2 74 8
2 75 6
2 76 4
2 77 10
2 78 7
2 79 5
2 80 9
2 81 9
2 82 1
2 84 6
2 85 1
2 86 9
2 87 3
2 88 7
2 89 10
2 90 6
2 91 7
2 93 7
2 94 6
2 95 6
2 96 6
2 97 3
2 98 3
2 99 8
3 4 4
3 5 7
3 6 2
3 7 6
3 8 10
3 9 9
3 10 1
3 11 3
3 12 8
3 13 6
3 14 7
3 15 9
3 16 7
3 17 3
3 18 6
3 19 8
3 21 10
3 22 7
3 23 10
3 24 3
3 26 2
3 27 3
3 28 3
3 30 2
3 31 3
3 32 7
3 33 10
3 34 8
3 35 5
3 36 10
3 37 7
3 39 6
3 40 6
3 41 6
3 42 2
3 43 4
3 44 6
3 45 1
3 46 7
3 47 8
3 48 10
3 49 6
3 50 3
3 51 7
3 52 8
3 53 3
3 55 2
3 57 9
3 58 7
3 59 7
3 60 10
3 61 8
3 62 8
3 63 3
3 64 6
3 65 8
3 66 6
3 67 10
3 68 1
3 69 4
3 70 4
3 71 1
3 72 9
3 73 5
3 74 1
3 75 2
3 76 8
3 78 10
3 79 6
3 80 1
3 81 7
3 82 5
3 84 10
3 85 7
3 87 3
3 88 4
3 89 9
3 90 7
3 91 6
3 92 5
3 93 7
3 94 9
3 95 9
3 96 9
3 97 2
3 98 4
3 99 1
4 5 7
4 6 1
4 7 7
4 10 9
4 11 8
4 12 4
4 13 6
4 14 2
4 15 3
4 17 4
4 18 3
4 19 9
4 20 7
4 21 10
4 22 10
4 23 10
4 24 9
4 25 3
4 26 10
4 27 4
4 28 2
4 29 1
4 31 10
4 32 3
4 33 6
4 34 9
4 36 9
4 37 8
4 38 4
4 39 2
4 40 10
4 41 2
4 42 2
4 45 4
4 46 5
4 47 8
4 48 10
4 49 6
4 51 6
4 53 2
4 54 3
4 55 2
4 56 3
4 57 3
4 58 7
4 59 2
4 60 8
4 61 2
4 62 5
4 63 9
4 64 6
4 65 3
4 66 10
4 67 7
4 68 5
4 69 1
4 70 7
4 71 1
4 72 6
4 73 3
4 74 4
4 75 3
4 76 10
4 77 3
4 78 3
4 79 2
4 81 4
4 83 1
4 84 6
4 85 2
4 86 1
4 87 3
4 89 2
4 90 1
4 92 3
4 93 7
4 94 3
4 95 10
4 96 6
4 97 6
4 98 7
4 99 7
5 7 1
5 8 4
5 9 7
5 10 9
5 11 1
5 12 8
5 13 4
5 14 9
5 15 6
5 17 7
5 18 10
5 19 5
5 20 4
5 21 3
5 22 1
5 23 1
5 25 9
5 26 9
5 27 4
5 28 5
5 30 5
5 31 7
5 32 7
5 33 5
5 34 10
5 37 1
5 38 4
5 39 6
5 40 4
5 42 6
5 43 9
5 44 4
5 45 2
5 47 6
5 48 6
5 49 8
5 50 8
5 51 9
5 53 8
5 54 4
5 55 4
5 56 8
5 57 4
5 58 4
5 59 6
5 60 7
5 62 3
5 63 2
5 64 6
5 65 7
5 66 10
5 67 1
5 68 10
5 69 9
5 70 8
5 71 1
5 72 6
5 73 9
5 75 5
5 76 4
5 77 5
5 78 7
5 79 9
5 80 4
5 82 8
5 83 7
5 84 1
5 85 2
5 86 2
5 87 1
5 88 7
5 89 10
5 91 3
5 92 4
5 93 6
5 94 4
5 95 3
5 97 7
5 98 9
5 99 1
6 7 6
6 9 4
6 10 6
6 11 7
6 12 6
6 13 10
6 14 5
6 15 5
6 16 10
6 18 4
6 19 5
6 20 2
6 21 2
6 22 5
6 23 10
6 24 1
6 25 1
6 26 5
6 27 7
6 28 7
6 29 3
6 30 2
6 31 4
6 32 5
6 35 4
6 36 3
6 37 3
6 38 3
6 40 3
6 41 3
6 42 4
6 43 4
6 45 3
6 46 9
6 47 1
6 48 5
6 49 7
6 51 6
6 52 2
6 53 9
6 54 10
6 55 9
6 56 3
6 57 4
6 58 4
6 59 8
6 60 4
6 61 10
6 62 8
6 64 8
6 65 3
6 66 5
6 67 9
6 68 3
6 69 4
6 70 3
6 71 8
6 72 2
6 74 4
6 75 6
6 77 8
6 78 2
6 79 9
6 80 10
6 81 9
6 82 9
6 83 4
6 84 2
6 85 8
6 86 6
6 87 4
6 88 1
6 89 2
6 91 8
6 92 6
6 93 10
6 94 9
6 95 2
6 97 7
6 98 7
6 99 1
7 8 4
7 10 7
7 11 5
7 12 1
7 13 1
7 14 5
7 15 3
7 16 8
7 18 1
7 19 5
7 20 4
7 21 10
7 23 6
7 24 5
7 25 10
7 26 6
7 27 10
7 30 8
7 31 6
7 32 7
7 33 6
7 34 7
7 35 8
7 36 6
7 37 6
7 39 2
7 40 3
7 42 1
7 43 6
7 44 5
7 46 4
7 47 2
7 48 9
7 49 4
7 50 10
7 51 2
7 52 7
7 53 4
7 54 1
7 55 9
7 56 5
7 57 1
7 58 3
7 59 8
7 60 4
7 61 5
7 63 8
7 64 2
7 65 7
7 66 1
7 67 7
7 68 1
7 69 10
7 70 6
7 71 3
7 72 3
7 74 6
7 75 7
7 76 5
7 77 5
7 78 7
7 79 8
7 80 2
7 81 2
7 82 4
7 83 7
7 84 9
7 85 6
7 87 8
7 88 9
7 89 9
7 90 6
7 91 10
7 92 5
7 93 5
7 95 3
7 96 4
7 97 4
7 98 9
7 99 8
8 9 10
8 10 6
8 11 8
8 12 5
8 14 6
8 15 5
8 16 10
8 17 6
8 18 7
8 19 4
8 20 8
8 21 7
8 22 10
8 23 8
8 24 4
8 25 9
8 26 4
8 27 4
8 29 3
8 30 5
8 31 3
8 32 8
8 33 2
8 34 5
8 35 5
8 36 3
8 38 8
8 39 9
8 40 10
8 41 1
8 42 4
8 43 10
8 44 5
8 45 3
8 46 1
8 47 7
8 49 1
8 50 4
8 51 4
8 53 5
8 54 2
8 55 3
8 56 1
8 59 8
8 60 6
8 61 7
8 62 5
8 63 8
8 64 3
8 65 3
8 66 5
8 67 8
8 68 2
8 69 8
8 70 1
8 72 4
8 73 6
8 74 8
8 76 9
8 79 6
8 80 1
8 81 10
8 82 10
8 83 10
8 84 5
8 85 10
8 86 10
8 87 5
8 88 4
8 89 8
8 90 7
8 91 1
8 92 6
8 93 1
8 94 8
8 95 6
8 96 2
8 97 9
8 98 4
8 99 10
9 10 3
9 12 10
9 13 3
9 14 4
9 15 10
9 16 5
9 18 5
9 22 10
9 23 7
9 25 9
9 26 10
9 27 3
9 28 5
9 29 1
9 30 7
9 31 4
9 33 9
9 34 7
9 35 9
9 36 10
9 37 5
9 39 8
9 40 5
9 41 7
9 42 2
9 43 9
9 44 4
9 45 3
9 46 2
9 47 7
9 48 8
9 49 10
9 50 4
9 52 8
9 53 3
9 54 6
9 55 9
9 56 10
9 57 7
9 58 4
9 59 2
9 61 4
9 62 1
9 63 9
9 65 1
9 66 4
9 67 4
9 68 2
9 69 9
9 70 7
9 71 5
9 72 1
9 73 3
9 74 7
9 75 2
9 76 2
9 77 4
9 78 7
9 79 9
9 80 6
9 82 9
9 83 10
9 84 4
9 85 7
9 86 2
9 87 1
9 88 2
9 89 7
9 90 6
9 91 10
9 93 6
9 94 8
9 95 1
9 96 2
9 97 10
9 98 2
10 11 6
10 12 7
10 13 4
10 14 6
10 16 6
10 17 2
10 18 8
10 20 9
10 21 10
10 22 7
10 23 2
10 24 8
10 25 4
10 26 7
10 27 4
10 28 4
10 29 6
10 30 4
10 31 5
10 32 5
10 33 6
10 34 2
10 35 5
10 36 2
10 37 1
10 38 3
10 39 3
10 40 7
10 41 5
10 42 8
10 43 2
10 44 5
10 45 9
10 48 9
10 49 1
10 53 9
10 55 9
10 57 7
10 58 4
10 59 3
10 60 5
10 62 7
10 63 10
10 64 2
10 65 2
10 66 8
10 67 8
10 68 7
10 69 6
10 70 1
10 71 5
10 72 9
10 73 8
10 74 4
10 75 3
10 76 7
10 77 4
10 78 6
10 79 2
10 80 6
10 81 5
10 82 10
10 83 4
10 84 4
10 85 4
10 88 10
10 90 4
10 91 5
10 92 3
10 93 6
10 94 5
10 95 6
10 96 4
10 97 6
10 98 6
11 12 1
11 13 9
11 14 5
11 15 2
11 16 3
11 17 2
11 18 6
11 19 3
11 20 1
11 21 2
11 22 6
11 23 5
11 24 4
11 25 6
11 26 6
11 29 9
11 30 10
11 31 6
11 33 8
11 34 8
11 36 6
11 37 8
11 38 1
11 39 4
11 41 6
11 42 4
11 43 2
11 44 2
11 45 4
11 46 2
11 47 4
11 48 2
11 49 10
11 50 6
11 51 10
11 52 10
11 53 5
11 54 5
11 55 10
11 56 6
11 57 3
11 58 1
11 59 4
11 60 6
11 61 10
11 62 5
11 63 3
11 64 2
11 65 10
11 66 7
11 67 3
11 68 3
11 69 7
11 70 7
11 72 7
11 74 10
11 75 4
11 77 8
11 78 7
11 79 1
11 80 6
11 81 3
11 83 5
11 84 2
11 85 5
11 86 10
11 87 9
11 88 2
11 89 10
11 90 9
11 91 9
11 92 7
11 93 7
11 94 3
11 95 6
11 96 1
11 97 5
11 98 2
11 99 4
12 13 3
12 14 4
12 15 2
12 16 5
12 17 8
12 18 4
12 19 7
12 20 1
12 21 4
12 22 10
12 23 8
12 25 1
12 26 10
12 27 5
12 28 4
12 29 7
12 30 1
12 31 8
12 32 9
12 33 3
12 34 1
12 35 10
12 36 8
12 37 2
12 38 4
12 39 9
12 40 6
12 41 6
12 42 8
12 43 2
12 44 1
12 45 2
12 47 1
12 48 3
12 49 6
12 50 3
12 51 1
12 52 4
12 53 6
12 54 2
12 55 9
12 56 10
12 57 4
12 58 6
12 59 10
12 60 7
12 61 10
12 62 4
12 63 1
12 65 2
12 66 6
12 67 4
12 68 2
12 69 9
12 70 3
12 71 7
12 72 5
12 73 6
12 74 5
12 76 4
12 77 7
12 78 2
12 79 3
12 80 10
12 82 3
12 83 8
12 84 1
12 85 9
12 86 3
12 87 7
12 88 5
12 89 10
12 90 9
12 91 7
12 92 2
12 93 4
12 94 2
12 97 6
12 98 9
12 99 3
13 14 2
13 16 8
13 17 8
13 18 1
13 19 8
13 20 8
13 21 7
13 22 8
13 23 6
13 24 4
13 25 8
13 26 9
13 27 7
13 28 3
13 29 1
13 30 10
13 31 7
13 32 2
13 33 10
13 35 9
13 36 10
13 37 6
13 38 2
13 39 3
13 40 8
13 41 8
13 42 2
13 43 6
13 44 9
13 45 8
13 46 9
13 47 8
13 49 4
13 50 2
13 51 4
13 52 9
13 53 2
13 54 3
13 55 6
13 56 8
13 57 5
13 58 10
13 59 6
13 60 10
13 61 7
13 62 1
13 63 10
13 64 2
13 65 4
13 66 5
13 67 8
13 69 5
13 70 8
13 72 10
13 73 3
13 74 10
13 75 9
13 76 7
13 77 4
13 78 9
13 79 2
13 81 4
13 82 3
13 83 7
13 84 7
13 85 6
13 87 9
13 88 3
13 89 10
13 90 7
13 91 10
13 92 6
13 94 3
13 95 9
13 97 4
13 98 5
13 99 7
14 15 7
14 17 9
14 19 9
14 20 1
14 21 7
14 23 6
14 24 7
14 25 7
14 26 5
14 27 4
14 29 4
14 30 5
14 31 2
14 32 10
14 34 7
14 35 5
14 36 6
14 37 10
14 38 10
14 39 4
14 40 5
14 42 6
14 43 6
14 45 2
14 46 4
14 47 1
14 48 3
14 50 2
14 51 3
14 52 5
14 53 3
14 54 7
14 55 7
14 56 4
14 57 3
14 58 9
14 59 5
14 60 10
14 62 3
14 63 6
14 64 7
14 65 2
14 67 6
14 68 10
14 69 6
14 70 10
14 71 4
14 72 6
14 73 3
14 75 10
14 76 7
14 78 9
14 80 10
14 81 2
14 82 4
14 84 4
14 85 10
14 86 6
14 87 6
14 88 6
14 90 2
14 91 3
14 92 4
14 93 10
14 94 2
14 95 8
14 98 6
14 99 1
15 17 9
15 18 8
15 19 10
15 20 3
15 21 2
15 22 9
15 23 6
15 25 3
15 27 3
15 28 4
15 29 5
15 30 6
15 31 10
15 32 6
15 33 2
15 34 2
15 35 2
15 36 6
15 37 8
15 38 10
15 39 2
15 40 6
15 42 1
15 43 7
15 44 6
15 45 8
15 46 7
15 48 6
15 49 1
15 50 1
15 51 1
15 52 6
15 53 1
15 55 2
15 56 3
15 57 1
15 58 6
15 59 3
15 60 3
15 61 9
15 62 5
15 63 6
15 64 7
15 66 9
15 67 5
15 68 10
15 69 6
15 72 3
15 73 9
15 74 9
15 75 1
15 76 10
15 77 10
15 79 3
15 80 9
15 81 5
15 82 5
15 83 7
15 84 6
15 86 4
15 87 8
15 88 8
15 89 3
15 90 10
15 91 5
15 93 3
15 94 7
15 95 9
15 96 5
15 97 8
15 98 3
15 99 4
16 17 7
16 18 5
16 19 7
16 20 10
16 21 5
16 22 6
16 23 10
16 24 1
16 25 1
16 26 5
16 27 5
16 28 9
16 29 4
16 30 9
16 31 2
16 32 8
16 33 5
16 34 3
16 35 9
16 36 2
16 37 7
16 38 5
16 39 9
16 40 9
16 41 4
16 42 6
16 43 8
16 44 6
16 45 1
16 46 5
16 47 7
16 48 5
16 49 6
16 50 9
16 51 4
16 52 2
16 53 10
16 54 10
16 55 8
16 56 1
16 57 4
16 58 5
16 60 4
16 61 3
16 62 4
16 63 10
16 64 4
16 65 7
16 66 7
16 67 7
16 68 9
16 70 4
16 71 8
16 72 6
16 73 5
16 74 9
16 75 5
16 76 7
16 77 7
16 78 5
16 79 8
16 80 6
16 81 2
16 82 1
16 83 7
16 84 5
16 85 2
16 88 9
16 89 4
16 91 1
16 92 6
16 93 6
16 95 7
16 96 1
16 98 4
16 99 9
17 19 8
17 20 10
17 21 4
17 22 5
17 23 6
17 24 3
17 25 7
17 26 1
17 28 2
17 29 4
17 30 2
17 31 7
17 32 4
17 33 3
17 34 5
17 35 3
17 36 7
17 37 2
17 38 8
17 39 9
17 40 3
17 42 5
17 43 7
17 44 8
17 45 2
17 46 3
17 47 3
17 48 3
17 49 10
17 50 6
17 51 1
17 52 1
17 53 8
17 54 3
17 55 9
17 56 1
17 58 6
17 59 9
17 60 1
17 61 4
17 62 5
17 63 3
17 64 3
17 65 5
17 66 5
17 67 9
17 69 5
17 70 1
17 72 4
17 73 8
17 75 7
17 76 5
17 77 1
17 78 10
17 79 5
17 80 6
17 81 9
17 82 6
17 83 8
17 84 4
17 85 2
17 87 8
17 88 3
17 89 9
17 90 3
17 91 8
17 93 4
17 94 4
17 95 10
17 96 10
17 97 4
17 98 9
17 99 6
18 19 4
18 20 3
18 21 5
18 22 5
18 23 10
18 24 9
18 25 10
18 26 10
18 27 4
18 28 1
18 29 2
18 30 7
18 31 8
18 32 3
18 34 8
18 35 10
18 37 10
18 38 3
18 39 8
18 40 9
18 41 5
18 42 8
18 43 2
18 44 1
18 45 6
18 47 1
18 48 2
18 49 2
18 50 10
18 51 9
18 52 4
18 53 1
18 54 1
18 58 2
18 59 6
18 60 5
18 61 6
18 62 8
18 63 7
18 64 9
18 65 7
18 67 5
18 69 4
18 70 9
18 71 5
18 72 6
18 73 7
18 74 4
18 75 3
18 76 10
18 77 4
18 78 5
18 79 10
18 81 10
18 82 10
18 84 10
18 85 2
18 86 10
18 88 4
18 89 2
18 90 7
18 91 8
18 93 8
18 94 10
18 95 4
18 97 3
18 98 4
18 99 4
19 20 2
19 21 8
19 22 5
19 23 6
19 24 7
19 25 3
19 26 7
19 28 2
19 29 10
19 30 4
19 31 4
19 32 4
19 33 8
19 34 4
19 35 7
19 36 5
19 37 4
19 38 1
19 39 3
19 40 4
19 41 5
19 42 4
19 44 1
19 45 3
19 46 10
19 47 5
19 48 7
19 50 8
19 51 6
19 52 8
19 53 5
19 54 7
19 55 5
19 56 4
19 57 4
19 58 10
19 59 8
19 60 9
19 62 7
19 63 3
19 65 5
19 66 6
19 67 10
19 69 2
19 70 7
19 71 1
19 72 7
19 73 7
19 74 2
19 75 5
19 76 9
19 78 10
19 79 10
19 80 8
19 81 3
19 82 10
19 83 6
19 84 3
19 86 7
19 87 3
19 88 7
19 89 9
19 90 3
19 91 6
19 92 9
19 93 6
19 94 2
19 95 1
19 96 3
19 97 2
19 98 3
19 99 4
20 21 2
20 22 1
20 23 9
20 24 4
20 25 1
20 26 8
20 27 10
20 29 10
20 30 3
20 31 5
20 32 10
20 33 7
20 34 8
20 35 6
20 38 6
20 39 10
20 40 2
20 42 9
20 43 4
20 44 10
20 45 4
20 46 1
20 47 9
20 48 6
20 49 1
20 51 8
20 52 5
20 53 2
20 54 10
20 56 1
20 57 8
20 58 2
20 59 9
20 60 6
20 61 4
20 62 9
20 63 7
20 64 9
20 65 5
20 66 8
20 67 10
20 68 9
20 69 10
20 70 2
20 71 2
20 72 9
20 73 6
20 76 10
20 77 8
20 78 1
20 79 10
20 82 10
20 84 3
20 85 3
20 86 8
20 87 7
20 88 8
20 89 3
20 90 4
20 91 2
20 92 3
20 93 3
20 95 5
20 96 4
20 97 8
20 98 6
20 99 3
21 22 9
21 23 4
21 24 2
21 25 3
21 26 5
21 27 7
21 28 5
21 29 9
21 30 7
21 31 8
21 32 1
21 33 7
21 34 5
21 35 6
21 36 7
21 37 1
21 38 4
21 40 9
21 41 4
21 42 1
21 43 7
21 44 4
21 46 3
21 47 2
21 50 6
21 51 2
21 52 1
21 53 8
21 54 8
21 55 6
21 56 3
21 57 8
21 58 7
21 59 4
21 60 8
21 61 8
21 62 5
21 63 10
21 65 7
21 66 6
21 67 5
21 68 6
21 71 9
21 73 7
21 74 5
21 75 4
21 76 9
21 77 8
21 78 5
21 79 8
21 80 4
21 81 1
21 82 5
21 83 3
21 85 8
21 86 1
21 87 10
21 89 9
21 90 10
21 91 10
21 92 9
21 93 1
21 95 3
21 97 3
21 98 3
21 99 6
22 23 9
22 24 8
22 25 9
22 26 6
22 27 2
22 28 8
22 29 4
22 32 7
22 33 4
22 34 9
22 35 9
22 36 1
22 37 5
22 38 1
22 39 5
22 41 6
22 42 6
22 43 3
22 44 10
22 45 1
22 46 8
22 47 5
22 48 8
22 49 1
22 50 7
22 51 2
22 52 1
22 53 10
22 54 1
22 55 5
22 56 3
22 59 2
22 60 5
22 61 7
22 62 6
22 63 5
22 64 5
22 65 10
22 66 1
22 67 1
22 68 4
22 69 8
22 71 1
22 72 3
22 73 1
22 74 1
22 75 3
22 76 10
22 77 4
22 78 8
22 79 3
22 80 3
22 81 2
22 82 4
22 83 8
22 84 3
22 85 2
22 86 3
22 87 7
22 88 7
22 89 4
22 90 6
22 91 1
22 92 7
22 93 9
22 94 3
22 95 5
22 96 3
22 97 7
22 98 4
22 99 6
23 24 6
23 26 1
23 27 7
23 29 7
23 30 9
23 31 6
23 32 9
23 35 9
23 36 4
23 38 8
23 39 10
23 40 3
23 41 8
23 42 6
23 43 1
23 44 1
23 45 7
23 46 1
23 47 2
23 48 2
23 49 1
23 50 8
23 51 2
23 53 9
23 54 1
23 55 4
23 56 6
23 57 2
23 58 10
23 59 3
23 60 9
23 61 8
23 62 3
23 63 3
23 64 9
23 65 3
23 66 10
23 67 9
23 68 3
23 70 10
23 71 6
23 72 6
23 73 3
23 74 1
23 75 5
23 76 1
23 77 3
23 78 1
23 79 5
23 80 6
23 81 9
23 82 10
23 83 6
23 84 5
23 85 7
23 87 2
23 88 2
23 89 4
23 90 1
23 91 9
23 92 4
23 93 10
23 94 9
23 95 1
23 96 9
23 99 7
24 25 7
24 26 1
24 27 7
24 28 8
24 29 4
24 30 8
24 31 5
24 32 6
24 34 4
24 36 2
24 37 4
24 38 5
24 41 3
24 42 5
24 43 3
24 45 9
24 46 4
24 47 4
24 48 6
24 49 10
24 50 1
24 51 8
24 52 5
24 53 3
24 54 6
24 55 8
24 56 2
24 57 8
24 58 6
24 59 9
24 60 3
24 61 4
24 62 3
24 63 10
24 65 9
24 66 9
24 67 1
24 68 9
24 69 1
24 70 8
24 71 3
24 72 5
24 74 5
24 75 1
24 76 2
24 77 10
24 78 8
24 79 1
24 80 7
24 81 9
24 82 4
24 83 1
24 84 10
24 86 5
24 88 8
24 89 6
24 90 2
24 91 2
24 92 6
24 93 5
24 94 10
24 97 10
24 98 5
24 99 2
25 26 7
25 27 5
25 29 10
25 32 1
25 35 9
25 36 2
25 37 5
25 38 1
25 39 2
25 40 3
25 41 2
25 42 2
25 43 4
25 44 2
25 45 10
25 46 1
25 47 8
25 48 7
25 49 9
25 50 4
25 51 7
25 52 9
25 53 6
25 54 10
25 55 8
25 56 3
25 57 9
25 58 9
25 59 9
25 60 5
25 61 1
25 62 8
25 63 4
25 64 6
25 66 8
25 67 9
25 68 4
25 69 7
25 70 4
25 71 4
25 72 3
25 74 2
25 77 4
25 78 7
25 79 10
25 80 8
25 81 7
25 82 5
25 83 8
25 84 2
25 85 3
25 86 5
25 87 6
25 88 4
25 89 5
25 91 1
25 92 3
25 93 2
25 94 1
25 95 6
25 96 9
25 97 1
25 98 1
25 99 7
26 27 6
26 28 2
26 29 3
26 30 4
26 32 10
26 33 9
26 34 2
26 36 6
26 38 6
26 41 1
26 42 8
26 43 2
26 44 5
26 45 7
26 46 4
26 47 2
26 48 9
26 49 2
26 50 6
26 51 8
26 52 7
26 53 4
26 54 5
26 57 7
26 58 5
26 59 9
26 60 3
26 62 2
26 63 1
26 64 8
26 65 7
26 66 7
26 67 5
26 68 1
26 69 9
26 70 4
26 71 1
26 73 10
26 74 1
26 77 2
26 78 10
26 79 2
26 80 4
26 81 6
26 82 6
26 83 9
26 84 6
26 85 10
26 86 1
26 87 7
26 88 3
26 89 6
26 90 8
26 91 3
26 92 10
26 93 10
26 94 7
26 95 8
26 96 5
26 98 10
26 99 10
27 28 1
27 31 1
27 32 6
27 34 3
27 35 7
27 36 1
27 37 1
27 38 3
27 39 4
27 40 6
27 41 5
27 44 4
27 45 7
27 46 9
27 47 8
27 48 6
27 49 3
27 50 6
27 51 3
27 52 3
27 53 3
27 54 10
27 55 10
27 56 2
27 57 1
27 58 9
27 59 3
27 60 9
27 62 9
27 63 1
27 64 1
27 65 5
27 67 3
27 68 2
27 69 5
27 70 2
27 71 4
27 72 5
27 73 6
27 74 2
27 75 6
27 76 4
27 77 8
27 78 6
27 79 9
27 80 8
27 81 4
27 82 1
27 83 1
27 84 6
27 85 3
27 86 9
27 87 4
27 88 9
27 89 5
27 90 6
27 91 4
27 93 1
27 94 4
27 95 3
27 96 5
27 99 1
28 30 4
28 31 9
28 32 6
28 33 5
28 34 10
28 35 6
28 36 6
28 37 6
28 38 4
28 39 2
28 42 7
28 43 10
28 44 1
28 45 9
28 47 6
28 48 3
28 49 6
28 50 4
28 51 4
28 52 6
28 53 10
28 54 10
28 56 8
28 57 7
28 58 9
28 59 10
28 60 8
28 61 1
28 62 5
28 63 8
28 64 10
28 65 6
28 66 8
28 67 7
28 68 2
28 69 1
28 70 4
28 71 7
28 72 3
28 73 2
28 75 3
28 76 2
28 78 2
28 79 8
28 80 9
28 81 9
28 82 8
28 83 9
28 84 5
28 85 7
28 86 2
28 87 8
28 89 2
28 90 10
28 91 2
28 93 9
28 94 6
28 95 2
28 97 9
28 98 9
29 30 7
29 31 7
29 32 8
29 33 9
29 34 4
29 36 2
29 38 8
29 39 4
29 40 8
29 41 8
29 42 2
29 43 5
29 44 6
29 45 10
29 46 3
29 47 1
29 48 4
29 49 3
29 50 3
29 51 6
29 52 10
29 53 7
29 54 6
29 55 6
29 56 1
29 57 1
29 58 6
29 59 6
29 61 1
29 62 7
29 65 7
29 66 2
29 67 4
29 68 10
29 69 4
29 70 5
29 71 2
29 72 2
29 73 10
29 74 1
29 75 6
29 76 8
29 77 2
29 78 5
29 79 1
29 80 9
29 81 4
29 83 3
29 84 7
29 85 3
29 86 2
29 87 4
29 88 4
29 89 9
29 90 6
29 91 2
29 92 2
29 93 5
29 94 10
29 95 1
29 96 5
29 97 8
29 98 5
29 99 9
30 31 3
30 32 3
30 33 5
30 35 6
30 36 8
30 37 8
30 38 10
30 39 2
30 40 8
30 43 9
30 45 3
30 46 6
30 47 3
30 48 3
30 49 3
30 51 8
30 52 10
30 53 8
30 54 3
30 55 4
30 57 6
30 58 6
30 59 3
30 61 7
30 63 3
30 64 3
30 65 9
30 66 4
30 67 7
30 68 8
30 69 6
30 71 3
30 73 2
30 74 5
30 75 5
30 76 6
30 77 8
30 78 5
30 79 7
30 81 3
30 82 5
30 83 7
30 84 1
30 85 2
30 86 9
30 88 6
30 89 8
30 90 6
30 91 10
30 92 2
30 93 10
30 94 8
30 95 7
30 96 4
30 97 2
30 98 1
31 32 10
31 34 6
31 35 7
31 36 8
31 37 6
31 38 4
31 40 4
31 42 9
31 43 3
31 44 2
31 45 3
31 46 3
31 47 1
31 48 8
31 50 7
31 51 8
31 52 9
31 53 8
31 54 7
31 56 10
31 58 10
31 59 10
31 60 6
31 63 5
31 65 8
31 66 7
31 67 5
31 68 6
31 70 7
31 71 1
31 72 8
31 73 1
31 74 4
31 75 1
31 76 7
31 77 2
31 78 7
31 79 6
31 80 6
31 81 2
31 83 4
31 84 10
31 85 2
31 86 10
31 87 8
31 88 10
31 89 6
31 90 6
31 91 2
31 92 7
31 94 3
31 95 2
31 96 1
31 97 5
31 98 9
31 99 9
32 33 4
32 34 5
32 35 1
32 36 5
32 37 3
32 39 4
32 40 1
32 41 4
32 42 1
32 43 8
32 44 6
32 45 2
32 46 5
32 47 2
32 48 5
32 49 5
32 50 3
32 51 2
32 52 8
32 53 2
32 55 2
32 56 2
32 57 2
32 58 2
32 59 5
32 60 2
32 61 9
32 62 4
32 63 8
32 64 10
32 65 10
32 66 5
32 69 8
32 70 5
32 71 4
32 72 1
32 74 10
32 75 8
32 76 7
32 77 6
32 79 6
32 80 5
32 81 8
32 82 8
32 83 6
32 84 1
32 85 5
32 86 7
32 87 1
32 88 4
32 89 2
32 90 10
32 91 1
32 92 5
32 93 4
32 94 10
32 95 5
32 96 3
32 98 10
32 99 9
33 34 8
33 35 4
33 36 5
33 37 5
33 38 7
33 39 8
33 40 2
33 41 6
33 42 10
33 43 2
33 44 6
33 45 3
33 46 7
33 47 6
33 49 6
33 50 9
33 51 5
33 52 3
33 54 5
33 55 4
33 57 5
33 58 2
33 59 7
33 60 4
33 61 5
33 62 6
33 63 1
33 64 4
33 65 10
33 66 6
33 67 8
33 68 3
33 69 3
33 70 3
33 71 8
33 72 5
33 73 9
33 74 3
33 75 2
33 76 6
33 77 4
33 78 10
33 79 7
33 81 5
33 82 8
33 83 10
33 84 7
33 85 9
33 87 2
33 88 3
33 89 8
33 90 3
33 91 8
33 92 9
33 93 3
33 94 6
33 95 8
33 96 8
33 97 9
33 98 2
33 99 8
34 35 3
34 36 7
34 37 4
34 38 6
34 39 3
34 40 7
34 41 4
34 42 2
34 43 8
34 44 6
34 45 4
34 46 7
34 47 1
34 48 1
34 49 9
34 50 6
34 51 7
34 52 8
34 53 9
34 54 1
34 55 4
34 56 9
34 57 4
34 58 10
34 59 4
34 61 6
34 62 4
34 63 1
34 64 8
34 66 2
34 67 1
34 68 4
34 69 6
34 70 9
34 71 8
34 72 9
34 73 10
34 74 9
34 76 7
34 77 6
34 78 2
34 79 3
34 80 4
34 81 10
34 83 2
34 84 1
34 85 1
34 86 7
34 87 1
34 88 6
34 89 1
34 90 1
34 91 7
34 92 9
34 93 2
34 94 7
34 98 3
34 99 3
35 36 6
35 37 6
35 38 2
35 39 5
35 40 10
35 42 8
35 45 2
35 46 5
35 47 5
35 48 5
35 49 6
35 50 8
35 51 9
35 52 6
35 53 5
35 54 5
35 55 7
35 56 5
35 57 1
35 58 4
35 59 8
35 60 2
35 61 8
35 62 3
35 63 8
35 64 7
35 65 10
35 66 7
35 67 4
35 68 9
35 70 3
35 71 3
35 72 5
35 73 4
35 74 9
35 75 8
35 76 10
35 77 9
35 78 4
35 80 3
35 81 6
35 82 3
35 83 8
35 84 9
35 85 5
35 86 8
35 88 8
35 89 10
35 90 4
35 91 7
35 92 10
35 93 2
35 95 4
35 96 6
35 97 4
35 98 3
35 99 3
36 37 1
36 38 8
36 39 4
36 40 5
36 41 2
36 42 1
36 43 9
36 44 1
36 45 3
36 46 4
36 47 9
36 48 1
36 49 7
36 50 1
36 51 10
36 52 2
36 53 9
36 54 4
36 55 9
36 56 1
36 57 6
36 58 8
36 59 1
36 60 5
36 61 10
36 63 7
36 64 8
36 65 3
36 67 8
36 68 6
36 69 1
36 70 4
36 72 9
36 73 8
36 74 6
36 75 3
36 76 2
36 77 5
36 78 6
36 79 5
36 80 10
36 81 4
36 82 5
36 83 7
36 84 5
36 85 8
36 86 10
36 88 6
36 89 9
36 90 8
36 91 7
36 92 4
36 93 2
36 94 5
36 96 6
37 38 6
37 40 5
37 41 3
37 43 10
37 44 8
37 45 4
37 46 5
37 47 1
37 48 10
37 49 2
37 50 3
37 52 10
37 53 4
37 54 9
37 55 9
37 56 7
37 57 2
37 58 4
37 59 1
37 60 8
37 61 2
37 62 10
37 63 3
37 64 8
37 65 9
37 66 5
37 67 1
37 68 8
37 69 3
37 70 6
37 72 4
37 73 8
37 74 7
37 75 8
37 76 5
37 77 10
37 78 10
37 80 4
37 81 4
37 82 10
37 83 8
37 84 3
37 85 1
37 87 7
37 89 8
37 90 9
37 91 10
37 92 7
37 93 4
37 94 9
37 95 2
37 96 10
37 97 9
37 98 5
37 99 8
38 39 9
38 40 1
38 41 1
38 42 2
38 43 5
38 44 4
38 45 1
38 46 2
38 48 9
38 49 3
38 50 2
38 51 6
38 52 10
38 53 7
38 54 10
38 55 4
38 56 4
38 57 8
38 58 8
38 59 4
38 60 8
38 61 2
38 62 5
38 63 5
38 64 3
38 65 8
38 66 4
38 67 6
38 68 8
38 69 4
38 70 3
38 71 5
38 72 10
38 73 9
38 74 3
38 77 6
38 78 3
38 79 3
38 80 6
38 81 3
38 82 2
38 85 5
38 86 1
38 87 5
38 88 9
38 89 9
38 90 3
38 91 9
38 92 8
38 93 3
38 94 6
38 95 5
38 96 9
38 97 9
38 98 2
39 40 9
39 41 5
39 42 9
39 43 1
39 44 4
39 45 1
39 46 5
39 47 7
39 48 8
39 49 4
39 50 2
39 51 8
39 52 4
39 53 10
39 54 4
39 55 4
39 56 6
39 57 10
39 58 8
39 59 3
39 60 10
39 61 2
39 62 10
39 63 8
39 64 1
39 65 5
39 66 2
39 67 8
39 69 5
39 71 8
39 72 4
39 73 2
39 74 4
39 76 8
39 78 2
39 79 3
39 80 2
39 81 10
39 83 1
39 86 1
39 88 3
39 89 9
39 90 9
39 92 10
39 94 7
39 95 5
39 96 8
39 97 2
39 99 4
40 41 5
40 42 8
40 43 3
40 44 9
40 45 2
40 46 1
40 47 9
40 48 5
40 49 10
40 50 2
40 51 5
40 52 1
40 53 10
40 54 1
40 55 10
40 56 7
40 57 5
40 60 9
40 61 7
40 62 7
40 63 3
40 65 5
40 66 10
40 67 7
40 69 6
40 70 10
40 71 8
40 72 6
40 73 10
40 75 5
40 76 6
40 77 8
40 78 9
40 79 5
40 80 1
40 82 7
40 83 3
40 84 3
40 85 1
40 86 3
40 88 9
40 89 6
40 90 9
40 91 10
40 92 7
40 93 3
40 94 4
40 95 6
40 97 10
40 98 8
40 99 2
41 43 10
41 44 2
41 45 1
41 46 4
41 47 6
41 50 3
41 51 6
41 52 1
41 54 5
41 55 7
41 56 9
41 57 7
41 58 2
41 59 4
41 60 1
41 61 8
41 62 10
41 63 1
41 64 4
41 65 8
41 66 1
41 68 1
41 69 4
41 70 1
41 71 7
41 72 2
41 74 4
41 75 9
41 76 3
41 77 1
41 78 4
41 79 3
41 80 5
41 81 2
41 82 10
41 83 7
41 84 10
41 85 8
41 87 10
41 88 9
41 89 6
41 90 5
41 91 4
41 92 7
41 93 4
41 94 4
41 95 2
41 96 9
41 97 2
41 98 9
42 43 7
42 44 5
42 45 9
42 46 10
42 47 8
42 48 8
42 49 1
42 50 7
42 52 3
42 53 2
42 55 6
42 56 4
42 58 7
42 59 4
42 60 5
42 61 2
42 62 7
42 63 8
42 64 1
42 67 4
42 68 6
42 69 6
42 70 6
42 71 5
42 72 7
42 73 3
42 74 10
42 77 2
42 78 1
42 80 4
42 81 4
42 82 1
42 83 9
42 84 4
42 86 2
42 87 8
42 88 2
42 89 2
42 91 9
42 93 3
42 94 1
42 95 2
42 96 3
42 97 6
42 98 1
42 99 8
43 44 9
43 46 3
43 47 4
43 48 9
43 49 7
43 50 5
43 51 4
43 52 4
43 53 6
43 54 5
43 55 5
43 56 2
43 57 7
43 58 7
43 59 1
43 60 3
43 61 5
43 62 9
43 63 9
43 64 9
43 65 9
43 67 2
43 68 7
43 69 2
43 70 9
43 71 5
43 73 8
43 76 2
43 77 8
43 78 4
43 79 10
43 80 7
43 81 3
43 82 4
43 83 8
43 85 2
43 86 3
43 87 9
43 88 4
43 89 2
43 90 2
43 91 8
43 92 5
43 93 5
43 95 8
43 97 8
43 98 8
43 99 1
44 45 10
44 46 9
44 47 8
44 48 2
44 50 9
44 51 8
44 52 7
44 54 6
44 55 7
44 56 4
44 57 8
44 58 8
44 60 8
44 61 10
44 62 1
44 63 10
44 64 5
44 65 4
44 66 8
44 68 8
44 69 1
44 70 7
44 71 8
44 72 6
44 73 8
44 74 6
44 75 6
44 77 2
44 79 1
44 80 9
44 83 9
44 84 2
44 85 10
44 86 8
44 87 3
44 88 2
44 89 3
44 90 4
44 91 2
44 92 6
44 93 10
44 94 10
44 95 5
44 96 7
44 97 5
44 98 3
44 99 4
45 46 2
45 47 2
45 50 4
45 51 9
45 53 3
45 54 7
45 55 2
45 57 4
45 58 4
45 59 10
45 60 10
45 61 6
45 62 7
45 63 6
45 64 2
45 65 4
45 67 7
45 68 1
45 69 5
45 70 7
45 71 7
45 72 10
45 73 6
45 74 2
45 75 10
45 76 1
45 77 9
45 78 2
45 79 6
45 80 5
45 81 8
45 82 9
45 84 6
45 85 3
45 86 6
45 87 4
45 89 9
45 90 7
45 91 2
45 92 3
45 94 10
45 95 8
45 96 2
45 97 10
45 98 9
45 99 6
46 47 9
46 48 1
46 49 10
46 50 9
46 51 7
46 53 5
46 55 1
46 56 5
46 59 5
46 60 4
46 61 1
46 62 5
46 63 8
46 64 9
46 65 6
46 66 7
46 67 2
46 70 5
46 71 3
46 73 3
46 74 4
46 75 9
46 76 6
46 77 8
46 78 2
46 79 5
46 80 6
46 81 9
46 82 5
46 83 9
46 84 8
46 85 5
46 86 8
46 87 10
46 89 1
46 90 6
46 91 7
46 92 2
46 93 7
46 94 2
46 95 8
46 96 4
46 97 10
46 99 5
47 48 8
47 49 1
47 50 6
47 51 9
47 52 10
47 53 7
47 54 5
47 55 1
47 56 8
47 57 7
47 58 9
47 60 3
47 61 4
47 62 8
47 63 4
47 64 6
47 65 7
47 66 7
47 67 2
47 68 10
47 69 9
47 70 5
47 71 9
47 72 10
47 73 4
47 75 8
47 78 5
47 80 7
47 81 2
47 82 4
47 83 6
47 84 2
47 85 2
47 86 3
47 87 7
47 88 1
47 89 5
47 90 4
47 91 2
47 92 5
47 93 4
47 94 5
47 95 4
47 96 9
47 97 7
47 98 2
47 99 5
48 49 1
48 50 4
48 51 5
48 52 3
48 53 10
48 54 2
48 55 10
48 56 4
48 57 8
48 58 9
48 59 8
48 60 1
48 61 7
48 62 3
48 63 5
48 64 1
48 66 2
48 67 1
48 68 6
48 69 7
48 70 8
48 71 5
48 72 8
48 73 4
48 74 9
48 75 5
48 76 2
48 77 6
48 78 5
48 79 3
48 81 3
48 82 7
48 83 6
48 84 6
48 85 6
48 86 5
48 87 2
48 88 8
48 89 4
48 90 4
48 91 8
48 93 4
48 94 6
48 95 1
48 96 8
48 97 6
48 98 1
49 51 7
49 54 1
49 56 5
49 57 6
49 58 9
49 59 5
49 60 9
49 61 3
49 62 9
49 64 4
49 65 3
49 66 3
49 67 9
49 68 10
49 69 4
49 70 9
49 71 5
49 72 5
49 73 6
49 74 8
49 75 1
49 76 4
49 77 8
49 78 7
49 79 10
49 80 3
49 82 2
49 83 3
49 84 6
49 85 6
49 86 6
49 87 3
49 89 2
49 90 3
49 91 7
49 92 4
49 93 10
49 94 6
49 97 3
49 98 6
49 99 4
50 51 7
50 52 1
50 53 9
50 54 2
50 55 6
50 56 2
50 58 8
50 59 8
50 60 2
50 61 8
50 62 3
50 63 10
50 64 2
50 65 8
50 66 2
50 68 9
50 69 4
50 70 9
50 71 4
50 72 10
50 74 1
50 76 5
50 77 3
50 78 4
50 79 9
50 80 3
50 81 3
50 82 9
50 84 4
50 85 3
50 86 1
50 87 10
50 89 9
50 90 3
50 91 6
50 92 1
50 93 10
50 94 4
50 96 10
50 97 10
50 98 8
50 99 4
51 52 4
51 53 9
51 54 6
51 55 9
51 56 6
51 57 3
51 59 5
51 60 2
51 61 2
51 62 4
51 63 6
51 64 6
51 65 3
51 66 4
51 67 4
51 68 5
51 69 8
51 70 5
51 71 1
51 72 2
51 74 5
51 76 9
51 77 6
51 78 2
51 79 4
51 80 6
51 81 2
51 82 2
51 83 4
51 84 3
51 85 1
51 86 8
51 88 9
51 89 1
51 91 6
51 92 1
51 93 4
51 94 5
51 95 6
51 97 8
51 98 6
51 99 6
52 53 3
52 54 6
52 55 7
52 56 6
52 57 8
52 59 7
52 60 9
52 61 5
52 62 9
52 63 10
52 64 10
52 65 9
52 66 7
52 67 5
52 68 1
52 69 10
52 70 2
52 71 10
52 72 10
52 73 7
52 74 6
52 75 2
52 77 1
52 78 6
52 80 7
52 81 7
52 82 9
52 83 2
52 84 1
52 85 9
52 86 8
52 87 10
52 88 7
52 89 6
52 91 6
52 92 4
52 93 8
52 94 2
52 97 7
52 98 2
52 99 1
53 54 4
53 55 3
53 56 8
53 57 3
53 59 6
53 60 10
53 61 5
53 62 8
53 63 4
53 64 9
53 65 3
53 66 4
53 67 4
53 68 4
53 69 2
53 70 9
53 71 8
53 72 3
53 73 8
53 74 4
53 76 7
53 77 4
53 78 9
53 79 8
53 80 8
53 81 4
53 82 7
53 83 10
53 84 3
53 85 5
53 86 6
53 87 5
53 89 6
53 90 8
53 91 1
53 92 3
53 93 5
53 94 8
53 95 2
53 96 3
53 97 8
53 99 9
54 56 5
54 57 10
54 58 2
54 59 1
54 60 9
54 61 2
54 62 2
54 63 6
54 64 9
54 66 4
54 67 1
54 68 2
54 69 8
54 70 2
54 71 4
54 72 3
54 73 7
54 74 1
54 75 4
54 77 5
54 78 5
54 79 10
54 81 9
54 82 4
54 83 10
54 84 5
54 85 9
54 87 8
54 88 1
54 89 8
54 90 6
54 92 10
54 93 10
54 94 7
54 96 5
54 97 1
54 98 4
54 99 3
55 57 2
55 58 3
55 59 10
55 60 8
55 61 7
55 63 2
55 64 7
55 66 7
55 67 2
55 69 9
55 70 5
55 72 4
55 73 5
55 74 9
55 75 3
55 76 9
55 77 3
55 78 9
55 79 7
55 80 10
55 81 7
55 82 10
55 83 2
55 84 4
55 85 1
55 86 9
55 88 1
55 91 2
55 92 8
55 93 7
55 94 1
55 96 7
55 97 3
55 99 8
56 57 5
56 58 7
56 59 9
56 62 5
56 63 8
56 64 1
56 65 4
56 66 9
56 67 8
56 68 5
56 69 4
56 70 3
56 71 10
56 72 2
56 73 4
56 74 1
56 75 9
56 77 5
56 78 3
56 79 5
56 80 7
56 81 6
56 82 7
56 83 6
56 84 1
56 86 4
56 87 2
56 88 10
56 89 2
56 91 4
56 92 10
56 94 7
56 95 1
56 96 1
56 97 9
56 98 6
56 99 2
57 58 3
57 60 4
57 61 10
57 62 9
57 63 7
57 64 8
57 65 2
57 66 7
57 67 4
57 68 4
57 69 7
57 70 7
57 71 3
57 72 1
57 73 7
57 74 5
57 75 6
57 77 5
57 79 8
57 80 10
57 81 3
57 82 6
57 83 9
57 84 8
57 85 1
57 86 3
57 88 7
57 90 5
57 91 5
57 93 7
57 94 3
57 96 3
57 97 4
57 98 4
58 59 5
58 61 4
58 62 5
58 63 8
58 64 7
58 65 10
58 66 7
58 67 6
58 68 2
58 69 3
58 71 4
58 74 3
58 75 7
58 76 10
58 77 7
58 78 5
58 79 7
58 80 8
58 81 3
58 82 1
58 83 3
58 84 4
58 85 5
58 86 4
58 87 5
58 88 10
58 89 7
58 90 4
58 91 5
58 92 1
58 94 8
58 95 9
58 96 8
58 97 3
58 98 9
58 99 1
59 60 4
59 61 10
59 62 3
59 63 6
59 64 1
59 65 5
59 66 9
59 68 10
59 69 1
59 70 4
59 71 1
59 72 5
59 73 6
59 76 9
59 77 10
59 79 6
59 80 2
59 82 7
59 83 5
59 84 6
59 85 2
59 86 8
59 87 9
59 88 1
59 89 1
59 90 8
59 91 4
59 92 9
59 93 3
59 94 9
59 95 4
59 96 5
59 97 4
59 98 8
59 99 3
60 61 6
60 62 7
60 63 8
60 64 7
60 65 6
60 66 3
60 67 7
60 68 5
60 69 2
60 70 9
60 71 10
60 72 8
60 73 6
60 74 3
60 75 2
60 76 7
60 77 4
60 78 1
60 79 7
60 81 8
60 82 6
60 83 7
60 84 10
60 85 8
60 88 10
60 89 2
60 90 8
60 91 7
60 92 3
60 93 6
60 94 7
60 95 7
60 97 6
60 98 8
60 99 6
61 62 7
61 63 6
61 64 6
61 65 9
61 66 2
61 67 8
61 69 2
61 70 2
61 71 3
61 73 6
61 74 8
61 75 3
61 76 6
61 77 8
61 78 1
61 79 9
61 80 4
61 81 3
61 82 2
61 83 4
61 85 6
61 86 1
61 87 3
61 88 9
61 89 8
61 90 9
61 91 1
61 92 3
61 93 2
61 94 1
61 95 1
61 96 5
61 97 8
61 98 5
61 99 4
62 63 8
62 64 3
62 65 10
62 66 1
62 67 7
62 68 3
62 69 8
62 70 7
62 71 10
62 72 5
62 73 1
62 74 2
62 75 4
62 76 1
62 77 9
62 79 1
62 80 3
62 81 8
62 82 7
62 83 10
62 84 2
62 86 7
62 88 7
62 89 6
62 91 7
62 92 1
62 93 5
62 94 4
62 96 3
62 98 1
62 99 9
63 64 4
63 65 2
63 66 1
63 67 3
63 68 3
63 69 8
63 70 2
63 72 6
63 73 3
63 74 2
63 75 4
63 77 6
63 78 2
63 79 4
63 80 7
63 81 1
63 82 3
63 83 6
63 84 3
63 85 10
63 86 4
63 87 6
63 88 10
63 89 3
63 90 1
63 91 1
63 92 3
63 94 8
63 95 8
63 96 4
64 65 6
64 66 9
64 68 1
64 69 6
64 70 4
64 71 8
64 72 3
64 73 7
64 75 4
64 76 9
64 77 10
64 78 2
64 79 1
64 80 6
64 81 1
64 82 5
64 83 4
64 84 7
64 85 5
64 87 9
64 88 9
64 89 6
64 90 5
64 91 9
64 92 2
64 93 6
64 94 4
64 95 4
64 96 3
64 97 5
64 98 2
65 66 5
65 67 9
65 68 1
65 69 7
65 70 9
65 71 6
65 72 5
65 73 9
65 74 9
65 75 5
65 76 10
65 77 4
65 78 10
65 79 8
65 80 4
65 82 3
65 83 3
65 84 7
65 85 8
65 88 2
65 89 9
65 90 4
65 91 1
65 92 4
65 93 9
65 94 7
65 95 1
65 96 3
65 97 2
65 98 4
65 99 2
66 68 7
66 69 7
66 70 4
66 72 2
66 73 4
66 74 9
66 75 1
66 76 1
66 77 3
66 78 10
66 79 5
66 80 2
66 81 10
66 82 4
66 83 8
66 84 7
66 86 8
66 88 6
66 89 1
66 90 2
66 91 4
66 92 9
66 93 6
66 94 2
66 95 7
66 97 7
66 98 1
66 99 10
67 68 1
67 69 3
67 70 2
67 71 9
67 72 1
67 73 10
67 74 3
67 75 10
67 76 5
67 77 7
67 78 3
67 79 10
67 80 4
67 81 2
67 82 1
67 83 3
67 84 6
67 85 1
67 86 5
67 87 3
67 88 10
67 89 6
67 90 10
67 91 6
67 92 10
67 93 3
67 94 7
67 95 1
67 97 8
67 98 1
67 99 7
68 69 3
68 70 6
68 72 4
68 73 5
68 74 4
68 75 9
68 76 9
68 77 4
68 78 6
68 79 7
68 80 5
68 81 6
68 82 10
68 83 7
68 84 1
68 85 8
68 86 10
68 87 7
68 88 9
68 89 5
68 90 6
68 91 4
68 92 10
68 93 7
68 94 3
68 95 5
68 96 2
68 97 10
68 98 6
68 99 3
69 70 4
69 72 7
69 73 3
69 74 5
69 75 4
69 76 2
69 77 1
69 78 3
69 79 10
69 80 5
69 81 9
69 82 4
69 83 9
69 84 8
69 85 6
69 86 1
69 87 2
69 88 1
69 89 4
69 90 6
69 95 10
69 96 10
69 97 1
69 99 5
70 71 10
70 74 1
70 75 5
70 76 8
70 77 7
70 78 5
70 79 2
70 81 6
70 82 10
70 83 5
70 84 7
70 85 6
70 86 10
70 87 1
70 88 4
70 89 5
70 90 4
70 91 6
70 92 6
70 93 7
70 94 8
70 95 2
70 96 10
70 98 5
70 99 6
71 72 9
71 73 8
71 74 1
71 75 8
71 76 6
71 77 7
71 79 9
71 80 10
71 81 7
71 82 5
71 83 6
71 84 9
71 85 1
71 86 10
71 87 8
71 88 5
71 90 6
71 91 1
71 93 3
71 94 3
71 95 7
71 96 7
71 97 9
71 98 1
71 99 7
72 73 6
72 74 3
72 75 1
72 76 7
72 77 9
72 78 3
72 80 5
72 81 1
72 85 2
72 86 6
72 87 7
72 88 9
72 89 10
72 90 3
72 92 6
72 93 4
72 94 6
72 95 1
72 96 8
72 97 10
72 98 2
72 99 10
73 74 9
73 75 7
73 76 4
73 77 5
73 78 10
73 79 8
73 80 4
73 81 3
73 82 4
73 83 8
73 84 10
73 85 9
73 86 7
73 87 6
73 88 6
73 89 3
73 90 9
73 92 4
73 93 6
73 94 10
73 95 8
73 96 5
73 97 7
73 98 1
74 75 4
74 77 1
74 78 4
74 79 4
74 80 6
74 81 10
74 82 10
74 83 2
74 84 6
74 85 6
74 86 3
74 87 8
74 88 6
74 90 6
74 91 8
74 93 5
74 94 6
74 95 7
74 96 1
74 97 8
74 98 3
74 99 8
75 76 4
75 78 3
75 79 5
75 80 7
75 82 10
75 84 10
75 85 3
75 86 3
75 87 8
75 89 7
75 90 7
75 91 2
75 92 5
75 93 7
75 94 9
75 95 1
75 96 8
75 97 5
75 98 5
75 99 3
76 77 5
76 78 8
76 80 8
76 81 9
76 82 3
76 83 5
76 85 8
76 86 3
76 87 2
76 88 4
76 90 8
76 91 10
76 92 10
76 93 10
76 94 10
76 95 10
76 96 8
76 97 8
76 98 4
76 99 5
77 78 4
77 79 6
77 80 2
77 81 10
77 82 5
77 83 6
77 84 5
77 85 5
77 86 7
77 87 2
77 88 7
77 89 4
77 90 2
77 91 5
77 92 7
77 93 3
77 95 8
77 96 10
77 98 2
77 99 4
78 79 3
78 80 9
78 81 3
78 84 5
78 85 5
78 86 5
78 87 10
78 88 1
78 89 7
78 90 4
78 91 3
78 92 7
78 93 7
78 94 6
78 95 6
78 96 7
78 97 6
78 98 8
78 99 6
79 80 1
79 81 2
79 82 2
79 83 5
79 84 6
79 85 5
79 86 7
79 87 2
79 88 4
79 90 7
79 91 6
79 92 3
79 93 2
79 94 5
79 95 6
79 96 10
79 97 5
79 98 3
80 81 6
80 82 1
80 83 1
80 84 9
80 85 6
80 86 4
80 87 7
80 88 8
80 91 6
80 93 4
80 94 9
80 96 5
80 97 1
80 98 7
80 99 10
81 82 8
81 83 1
81 84 1
81 85 10
81 86 8
81 87 2
81 88 7
81 90 3
81 91 6
81 93 8
81 94 8
81 95 5
81 96 10
81 97 6
81 98 8
81 99 3
82 83 6
82 84 1
82 85 7
82 86 5
82 87 8
82 88 8
82 89 3
82 90 3
82 91 9
82 92 1
82 93 2
82 94 7
82 95 8
82 96 3
82 98 10
82 99 9
83 84 9
83 85 1
83 86 8
83 87 4
83 88 8
83 89 10
83 90 2
83 91 8
83 92 6
83 93 5
83 94 7
83 95 4
83 96 4
83 97 3
83 98 10
83 99 10
84 85 10
84 86 3
84 87 5
84 90 9
84 91 7
84 92 3
84 93 8
84 95 10
84 96 8
84 97 10
84 98 1
84 99 5
85 87 8
85 88 9
85 89 9
85 90 6
85 91 9
85 92 4
85 93 7
85 94 10
85 95 4
85 96 5
85 97 4
85 99 2
86 87 5
86 88 10
86 89 3
86 90 2
86 91 2
86 93 6
86 94 8
86 96 8
86 97 1
86 98 1
86 99 1
87 88 5
87 94 8
87 96 4
87 97 8
88 89 6
88 90 5
88 92 5
88 93 5
88 94 10
88 95 10
88 96 2
88 97 9
88 98 7
89 90 8
89 91 6
89 92 7
89 93 3
89 94 3
89 95 1
89 96 6
89 97 3
89 98 7
89 99 5
90 93 6
90 94 3
90 95 10
90 97 3
90 98 2
90 99 5
91 92 6
91 93 3
91 94 10
91 95 4
91 96 2
91 97 2
91 98 3
91 99 4
92 93 7
92 94 3
92 95 1
92 96 7
92 97 2
92 98 9
92 99 4
93 94 6
93 95 2
93 96 7
93 97 3
93 98 10
93 99 3
94 95 1
94 96 9
94 98 3
94 99 6
95 97 9
95 98 9
95 99 4
97 98 2
97 99 7
98 99 7
